20 13 2


11 9 9 8 8 1 3 45 324  2 1 2 325
8 7 8 7 6 6 55 4 3 2 1 3 4
6 5 99 0 9 9 8 6 5 6 7 4 3
8 7 6 5 4 3 2 233 55 6 7 8 9
10 9 9 8 8 1 3 45 324  2 1 2 325
8 7 8 7 6 6 55 4 3 2 1 3 4
6 5 99 0 9 9 8 6 5 6 7 4 3
8 7 6 5 4 3 2 233 55 6 7 8 9
10 9 9 8 8 1 3 45 324  2 1 2 325
8 7 8 7 6 6 55 4 3 2 1 3 4
6 5 99 0 9 9 8 6 5 6 7 4 3
8 7 6 5 4 3 2 233 55 6 7 8 9
10 9 9 8 8 1 3 45 324  2 1 2 325
8 7 8 7 6 6 55 4 3 2 1 3 4
6 5 99 0 9 9 8 6 5 6 7 4 3
8 7 6 5 4 3 2 233 55 6 7 8 9
10 9 9 8 8 1 3 45 324  2 1 2 325
8 7 8 7 6 6 55 4 3 2 1 3 4
6 5 99 0 9 9 8 6 5 6 7 4 3
8 7 6 5 4 3 2 233 55 6 7 8 9

6 7
1 2
22 2
23 1
2 1
12 2
4 5
6 7
9 5
32 1
1 1
0 0
12 12


